98,35
10,295
10,64
10,121
10,166
10,108
10,287
10,12
10,137
11,23
11,9
11,25
11,13
11,17
11,21
8,13
8,14
96,4
8,12
96,3
96,2
8,7
96,1
8,16
96,0
94,3
94,2
94,1
94,0
93,3
93,2
93,1
93,0
92,3
92,2
92,1
92,0
91,4
91,3
91,2
91,1
91,0
89,3
89,2
89,1
89,0
88,3
88,2
88,1
88,0
87,5
87,4
87,3
87,2
87,1
87,0
86,4
86,3
86,2
86,1
86,0
85,4
85,3
85,2
85,1
85,0
24,3
24,1
20,3
20,2
20,1
19,3
19,2
19,1
12,3
12,2
12,1
11,24
11,19
11,18
11,15
11,14
11,12
11,3
11,2
11,1
10,290
10,261
10,239
10,237
10,146
10,96
10,16
10,3
10,2
10,1
18,1
9,7
18,3
9,6
9,4
9,3
14,1
9,2
14,3
9,1
13,1
8,15
8,11
13,3
8,10
8,9
8,8
8,4
